113.48777999999999
118.751
116.687
117.27
112.224
117.032
111.855
111.766
111.921
118.953
111.795
112.112
115.644
111.976
119.108
120.798
111.938
111.765
111.824
111.976
111.816
119.98
111.273
114.827
111.497
111.254
111.416
111.593
111.448
112.406
111.624
111.848
111.486
111.084
111.829
111.696
111.652
111.644
112.065
112.968
115.834
111.589
111.872
115.48
111.539
111.561
111.694
115.221
119.042
115.232
111.635
111.653
111.413
111.617
111.841
115.189
111.89
111.55
117.293
115.006
113.293
136.036
111.275
118.541
111.741
111.889
111.723
118.477
111.127
111.494
111.235
113.857
111.757
114.258
111.56
114.329
114.874
122.367
110.275
117.5
111.52
111.079
111.961
111.192
110.925
111.029
110.539
115.897
112.741
111.663
111.292
120.793
111.463
111.408
111.326
111.459
111.54
120.917
111.173
111.252
111.049
