105.34856999999998
113.654
106.028
107.42
104.034
102.873
107.807
103.244
109.291
102.819
103.667
103.682
103.822
106.681
103.351
104.73
104.549
103.181
107.396
103.1
103.22
103.536
106.363
102.98
103.174
110.194
108.971
103.526
106.797
103.252
103.809
103.33
102.951
103.07
103.549
103.117
103.203
103.359
103.041
103.252
103.162
107.942
107.146
103.258
107.217
103.028
106.225
103.417
109.282
108.036
103.111
103.334
102.958
102.895
103.277
102.972
107.701
103.303
113.823
110.447
131.027
109.513
106.263
102.115
104.014
112.78
103.006
103.173
102.04
102.497
103.988
110.137
105.851
122.618
103.661
104.024
108.452
111.91
102.967
102.016
111.488
103.152
102.326
102.745
105.99
101.407
101.64
101.997
107.239
102.949
107.512
103.432
103.969
103.379
103.128
107.34
102.719
102.971
102.663
102.74
103.462
