104.89402000000005
110.123
108.078
107.689
107.767
105.994
103.193
102.542
106.377
102.83
112.256
103.432
103.476
108.107
102.821
102.785
102.82
102.409
103.548
106.704
107.665
103.111
102.346
104.927
112.775
103.027
106.667
106.944
105.821
105.388
102.736
102.603
102.499
103.198
103.359
102.524
102.71
102.245
105.948
106.921
102.988
113.488
102.973
102.567
103.389
102.427
102.416
107.727
102.823
116.548
102.75
102.697
102.9
102.534
102.823
102.408
102.588
102.457
108.967
106.925
115.189
114.383
101.427
118.773
106.368
102.716
103.118
105.868
101.241
107.611
101.933
107.875
102.318
109.679
102.491
101.962
103.563
112.556
103.357
101.568
110.591
108.24
102.269
102.071
101.27
101.261
101.192
100.727
104.537
102.248
102.082
106.129
102.27
102.424
102.334
102.385
102.198
102.541
113.268
102.107
102.502
